inspectionPath = [40, 0, 100, 0, 0, 0;
-58, -0.429645, 103.163, 0, 0, 3.05841;
-58, -0.429645, 103.163, 0, 0, 3.05841;
-58, 1.08028, 106.067, 0, 0, -2.94159;
-58, 1.08028, 106.067, 0, 0, -2.94159;
-58.1242, -0.544963, 109.649, 0, 0, 3.14159;
-58.1242, -0.544963, 109.649, 0, 0, 3.14159;
-58.0498, 0.27295, 109.907, 0, 0, 3.14159;
-58.0498, 0.27295, 109.907, 0, 0, 3.14159;
-58.3152, -0.616279, 114.615, 0, 0, 3.05841;
-58.3152, -0.616279, 114.615, 0, 0, 3.05841;
-58.3542, 1.00713, 115.867, 0, 0, 3.05841;
-58.3542, 1.00713, 115.867, 0, 0, 3.05841;
-58.5476, -1.29987, 118.211, 0, 0, 3.14159;
-58.5476, -1.29987, 118.211, 0, 0, 3.14159;
-58.2143, 0.244918, 120.287, 0, 0, 3.14159;
-58.2143, 0.244918, 120.287, 0, 0, 3.14159;
-58, -0.604014, 124.686, 0, 0, 3.05841;
-58, -0.604014, 124.686, 0, 0, 3.05841;
-58.2367, 0.288353, 124.953, 0, 0, 3.05841;
-58.2367, 0.288353, 124.953, 0, 0, 3.05841;
-58.5, -0.666667, 128.333, 0, 0, 3.05841;
-58.5, -0.666667, 128.333, 0, 0, 3.05841;
-59, 0.351274, 130.138, 0, 0, 3.14159;
-59, 0.351274, 130.138, 0, 0, 3.14159;
-59, -0.497708, 133.25, 0, 0, 3.14159;
-59, -0.497708, 133.25, 0, 0, 3.14159;
-58, 0.268847, 134.895, 0, 0, 3.14159;
-58, 0.268847, 134.895, 0, 0, 3.14159;
-58.5, -0.666667, 138.333, 0, 0, 3.05841;
-58.5, -0.666667, 138.333, 0, 0, 3.05841;
-80.0061, 22, 138.25, 0, 0, -1.74159;
-80.0061, 22, 138.25, 0, 0, -1.74159;
-79.9556, 22.031, 135.767, 0, 0, -1.74159;
-79.9556, 22.031, 135.767, 0, 0, -1.74159;
-79.8906, 22.0638, 133.29, 0, 0, -1.74159;
-79.8906, 22.0638, 133.29, 0, 0, -1.74159;
-79.8109, 22.0983, 130.819, 0, 0, -1.74159;
-79.8109, 22.0983, 130.819, 0, 0, -1.74159;
-79.7349, 22.1392, 128.36, 0, 0, -1.74159;
-79.7349, 22.1392, 128.36, 0, 0, -1.74159;
-79.6848, 22.1828, 125.902, 0, 0, -1.74159;
-79.6848, 22.1828, 125.902, 0, 0, -1.74159;
-79.6747, 22.2305, 123.442, 0, 0, -1.54159;
-79.6747, 22.2305, 123.442, 0, 0, -1.54159;
-79.7022, 22.2828, 120.976, 0, 0, -1.54159;
-79.7022, 22.2828, 120.976, 0, 0, -1.54159;
-79.7518, 22.3383, 118.506, 0, 0, -1.54159;
-79.7518, 22.3383, 118.506, 0, 0, -1.54159;
-79.8168, 22.4005, 116.019, 0, 0, -1.54159;
-79.8168, 22.4005, 116.019, 0, 0, -1.54159;
-79.8842, 22.4627, 113.517, 0, 0, -1.54159;
-79.8842, 22.4627, 113.517, 0, 0, -1.54159;
-79.9668, 22.5275, 110.986, 0, 0, -1.54159;
-79.9668, 22.5275, 110.986, 0, 0, -1.54159;
-80.0857, 22.6002, 108.417, 0, 0, -1.54159;
-80.0857, 22.6002, 108.417, 0, 0, -1.54159;
-80.2588, 22.688, 105.811, 0, 0, -1.54159;
-80.2588, 22.688, 105.811, 0, 0, -1.54159;
-80.5812, 22.8349, 103.177, 0, 0, -1.34159;
-80.5812, 22.8349, 103.177, 0, 0, -1.34159;
-81.0312, 23, 100.131, 0, 0, -1.54159;
-81.0312, 23, 100.131, 0, 0, -1.54159;
-78.7313, 54.3607, 75.2304, 0, 0, -1.54159;
-78.7313, 54.3607, 75.2304, 0, 0, -1.54159;
-101.5, 33.0123, 74.8016, 0, 0, 0.0584073;
-101.5, 33.0123, 74.8016, 0, 0, 0.0584073;
-101.387, 31.3636, 76.4973, 0, 0, 0.0584073;
-101.387, 31.3636, 76.4973, 0, 0, 0.0584073;
-101.385, 29.3633, 78.0336, 0, 0, 0.0584073;
-101.385, 29.3633, 78.0336, 0, 0, 0.0584073;
-101.38, 27.354, 79.5588, 0, 0, 0.0584073;
-101.38, 27.354, 79.5588, 0, 0, 0.0584073;
-101.373, 25.3418, 81.0801, 0, 0, 0.0584073;
-101.373, 25.3418, 81.0801, 0, 0, 0.0584073;
-101.359, 23.3185, 82.5818, 0, 0, 0.0584073;
-101.359, 23.3185, 82.5818, 0, 0, 0.0584073;
-101.343, 21.2931, 84.077, 0, 0, 0.0584073;
-101.343, 21.2931, 84.077, 0, 0, 0.0584073;
-101.321, 19.2658, 85.5605, 0, 0, 0.0584073;
-101.321, 19.2658, 85.5605, 0, 0, 0.0584073;
-101.297, 17.2368, 87.0341, 0, 0, 0.0584073;
-101.297, 17.2368, 87.0341, 0, 0, 0.0584073;
-101.277, 15.1999, 88.5155, 0, 0, 0.0584073;
-101.277, 15.1999, 88.5155, 0, 0, 0.0584073;
-101.263, 13.1566, 90.0051, 0, 0, 0.0584073;
-101.263, 13.1566, 90.0051, 0, 0, 0.0584073;
-101.26, 11.1033, 91.5084, 0, 0, 0.0584073;
-101.26, 11.1033, 91.5084, 0, 0, 0.0584073;
-101.276, 9.04132, 93.0263, 0, 0, 0.0584073;
-101.276, 9.04132, 93.0263, 0, 0, 0.0584073;
-101.326, 6.97453, 94.5569, 0, 0, 0.0584073;
-101.326, 6.97453, 94.5569, 0, 0, 0.0584073;
-101.426, 4.90141, 96.1009, 0, 0, 0.0584073;
-101.426, 4.90141, 96.1009, 0, 0, 0.0584073;
-101.511, 3.19838, 98.1695, 0, 0, 0.0584073;
-101.511, 3.19838, 98.1695, 0, 0, 0.0584073;
-101.596, 1.22281, 101.144, 0, 0, -0.141593;
-101.596, 1.22281, 101.144, 0, 0, -0.141593;
-101.733, -0.186121, 103.552, 0, 0, -0.141593;
-101.733, -0.186121, 103.552, 0, 0, -0.141593;
-101.73, 0.186369, 106.012, 0, 0, 0.0584073;
-101.73, 0.186369, 106.012, 0, 0, 0.0584073;
-101.683, -0.190498, 108.528, 0, 0, -0.141593;
-101.683, -0.190498, 108.528, 0, 0, -0.141593;
-101.602, 0.197576, 111.144, 0, 0, 0.0584073;
-101.602, 0.197576, 111.144, 0, 0, 0.0584073;
-101.476, -0.208613, 113.833, 0, 0, -0.141593;
-101.476, -0.208613, 113.833, 0, 0, -0.141593;
-101.425, 0.213068, 116.43, 0, 0, 0.0584073;
-101.425, 0.213068, 116.43, 0, 0, 0.0584073;
-101.36, -0.218769, 119.008, 0, 0, -0.141593;
-101.36, -0.218769, 119.008, 0, 0, -0.141593;
-101.317, 0.222468, 121.547, 0, 0, 0.0584073;
-101.317, 0.222468, 121.547, 0, 0, 0.0584073;
-101.306, -0.22343, 124.022, 0, 0, -0.141593;
-101.306, -0.22343, 124.022, 0, 0, -0.141593;
-101.238, 0.229385, 126.482, 0, 0, 0.0584073;
-101.238, 0.229385, 126.482, 0, 0, 0.0584073;
-101.264, -0.227154, 128.818, 0, 0, 0.0584073;
-101.264, -0.227154, 128.818, 0, 0, 0.0584073;
-101.326, 0.221705, 131.151, 0, 0, 0.0584073;
-101.326, 0.221705, 131.151, 0, 0, 0.0584073;
-101.386, -0.216419, 133.508, 0, 0, 0.0584073;
-101.386, -0.216419, 133.508, 0, 0, 0.0584073;
-101.447, 0.211109, 135.891, 0, 0, 0.0584073;
-101.447, 0.211109, 135.891, 0, 0, 0.0584073;
-101.5, -0.666667, 138.333, 0, 0, 0.0584073;
-101.5, -0.666667, 138.333, 0, 0, 0.0584073;
-80.0788, -22, 138.25, 0, 0, 1.45841;
-80.0788, -22, 138.25, 0, 0, 1.45841;
-80.1819, -22, 135.813, 0, 0, 1.45841;
-80.1819, -22, 135.813, 0, 0, 1.45841;
-80.2711, -22, 133.371, 0, 0, 1.45841;
-80.2711, -22, 133.371, 0, 0, 1.45841;
-80.3357, -22, 130.925, 0, 0, 1.45841;
-80.3357, -22, 130.925, 0, 0, 1.45841;
-80.3709, -22, 128.474, 0, 0, 1.45841;
-80.3709, -22, 128.474, 0, 0, 1.45841;
-80.378, -22, 126.02, 0, 0, 1.65841;
-80.378, -22, 126.02, 0, 0, 1.65841;
-80.3675, -22, 123.567, 0, 0, 1.65841;
-80.3675, -22, 123.567, 0, 0, 1.65841;
-80.3408, -22, 121.119, 0, 0, 1.65841;
-80.3408, -22, 121.119, 0, 0, 1.65841;
-80.3223, -22, 118.683, 0, 0, 1.65841;
-80.3223, -22, 118.683, 0, 0, 1.65841;
-80.3163, -22, 116.254, 0, 0, 1.65841;
-80.3163, -22, 116.254, 0, 0, 1.65841;
-80.3318, -22, 113.84, 0, 0, 1.45841;
-80.3318, -22, 113.84, 0, 0, 1.45841;
-80.3738, -22, 111.444, 0, 0, 1.45841;
-80.3738, -22, 111.444, 0, 0, 1.45841;
-80.4453, -22, 109.069, 0, 0, 1.45841;
-80.4453, -22, 109.069, 0, 0, 1.45841;
-80.5435, -22, 106.714, 0, 0, 1.45841;
-80.5435, -22, 106.714, 0, 0, 1.45841;
-80.6581, -22, 104.369, 0, 0, 1.65841;
-80.6581, -22, 104.369, 0, 0, 1.65841;
-81.5845, -22, 101.75, 0, 0, 1.45841;
-81.5845, -22, 101.75, 0, 0, 1.45841;
-101, -3.73157, 97.7223, 0, 0, -0.141593;
-101, -3.73157, 97.7223, 0, 0, -0.141593;
-101.104, -5.38167, 95.7172, 0, 0, 0.0584073;
-101.104, -5.38167, 95.7172, 0, 0, 0.0584073;
-101.152, -7.38137, 94.2321, 0, 0, 0.0584073;
-101.152, -7.38137, 94.2321, 0, 0, 0.0584073;
-101.194, -9.35717, 92.7699, 0, 0, 0.0584073;
-101.194, -9.35717, 92.7699, 0, 0, 0.0584073;
-101.231, -11.3176, 91.327, 0, 0, 0.0584073;
-101.231, -11.3176, 91.327, 0, 0, 0.0584073;
-101.258, -13.2701, 89.8977, 0, 0, 0.0584073;
-101.258, -13.2701, 89.8977, 0, 0, 0.0584073;
-101.277, -15.2211, 88.4738, 0, 0, 0.0584073;
-101.277, -15.2211, 88.4738, 0, 0, 0.0584073;
-101.287, -17.1813, 87.0424, 0, 0, 0.0584073;
-101.287, -17.1813, 87.0424, 0, 0, 0.0584073;
-101.295, -19.1458, 85.6057, 0, 0, 0.0584073;
-101.295, -19.1458, 85.6057, 0, 0, 0.0584073;
-101.302, -21.126, 84.1511, 0, 0, 0.0584073;
-101.302, -21.126, 84.1511, 0, 0, 0.0584073;
-101.311, -23.1114, 82.6882, 0, 0, 0.0584073;
-101.311, -23.1114, 82.6882, 0, 0, 0.0584073;
-101.329, -25.0994, 81.2174, 0, 0, 0.0584073;
-101.329, -25.0994, 81.2174, 0, 0, 0.0584073;
